Best Parameters:
max_depth: 6
learning_rate: 0.07922548006101181
n_estimators: 402
subsample: 0.8842555298450311
colsample_bytree: 0.8059280669168996
gamma: 0.6199229575001588
min_child_weight: 7
