Best Parameters:
max_depth: 8
learning_rate: 0.1713433636915467
n_estimators: 234
subsample: 0.7065462205147105
colsample_bytree: 0.772377651811458
gamma: 0.04171698560191461
min_child_weight: 8
